1189451183
2935328903
578394254
1919526304
4201226664
644721068
1451080833
4268601480
602978701
2883636707
4225812714
133482991
2548358342
3757363658
1130947791
2876829156
460120553
1198322880
3480023236
526645452
1894974898
3370323382
620169662
1425479059
3974569367
544938142
2422941105
3362467253
612313533
2490316177
4236193944
32651677
2851227123
4192354551
100026878
2917553619
4260778202
561666267
2439668977
3379195381
629039609
1165912573
2909699281
3716051416
3716053469
3716053469
3716053469
3716053469
3716053469
3716053469
3716053469
3716053469
3716053469
3716053469
3716053469
3716053469
3716053469
3716053469
3716053469
3716053469
3716053469
3716053469
3716053469
3716053469
3716053469
3716053469
3716053469
3716053469
3716053469
3716053469
3716053469
3716053469
3716053469
3716053469
3716053469
3716053469
3716053469
3716053469
3716053469
3716053469
3716053469
3716053469
3716053469
3716053469
3716053469
3716053469
3716053469
3716053469
3716053469
3716053469
3716053469
3716053469
3716053469
3716053469
3716053469
3716053469
3716053469
3716053469
3716053469
3716053469
3716053469
3716053469
3716053469
3716053469
3716053469
3716053469
3716053469
3716053469
3716053469
3716053469
3716053469
3716053469
3716053469
3716053469
3716053469
3716053469
3716053469
3716053469
3716053469
3716053469
3716053469
3716053469
3716053469
3716053469
3716053469
3716053469
3716053469
3716053469
3716053469
3716053469
3716053469
3716053469
3716053469
3716053469
3716053469
3716053469
3716053469
3716053469
3716053469
3716053469
3716053469
3716053469
3716053469
3716053469
3716053469
3716053469
3716053212
3446570453
2507044305
92170748
3648676344
2842322420
1097488863
3723907547
2918603987
100026878
3656532218
2851228918
1910654109
3699323033
2894019732
1953445053
3631948217
2826644660
1080763551
4244050074
2900827286
1155994815
4176675002
2833452211
552860108
3481072072
2540500417
662497772
4219003112
1937303008
535353803
3487879367
2011485378
3689990379
2884685286
66110690
4268601736
1451080833
108901549
4202277033
1383703969
577345934
2398458250
1458936963
451250606
2331083178
1927382434
3709762393
2904453717
1158575953
3641338489
2299159160
18507632
4253440859
1838568023
1971740243
3649194619
2843886455
1904365171
562185756
2350854936
337591828
3826988861
2282433080
1746608693
732720
2627148574
1284968986
882318867
3633518399
3096644158
1754464823
814944054
3743155762
3206347596
1864168261
1997340484
655161152
4211665772
2869486441
320401252
587787873
529065568
2945766219
1469370954
2005196615
663017282
4220573250
4219521903
2878391147
1401995879
1937821543
595642211
3725441805
4262312716
2921183753
1444786952
1980612357
1980612356
638433025
638433024
4195989037
4194937645
4194937645
3389631021
2853808684
2852758313
2450104873
1377411624
1780064808
1914282536
1377411880
1913237285
1913237285
1913233960
1913237284
1913233957
1913237285
1377411621
1377411624
1376363045
1377411624
1377411625
1780065065
2852760105
2853808681
2316937772
4194937644
4195986221
3658069549
638433025
639483393
907919108
1443738117
1444786696
1847440137
3189619468
3725444621
3726493538
59821670
1132515175
1401995882
2341520235
3146828654
3683702383
663019075
2005196614
1469371210
2408897358
3750028879
587786081
1393094501
2869486440
4211665772
3877173056
924646980
1864168008
3206347596
3768321586
1887637302
1754465082
4169337406
612833042
1418138135
2357662491
3759613470
807087665
2282431288
4161481532
873414161
1813983765
3156163097
3785311773
1368543094
2308064122
629560959
1971740243
2375439191
3776341598
1359638129
2300207992
621704828
1427013201
2367582808
48333917
1257341094
3136389543
116757679
2934283654
4277506442
41526415
2859052196
4202275241
108901549
2390601860
3732781193
1944110562
3420504295
469027054
2548358339
3487879623
1667815887
1400433889
3413697000
662497772
2541550785
526643656
1626601933
2834501046
954663354
1157043602
2901876119
485169307
1887118512
3362467253
1685006780
1954493840
2357145749
569522333
1911702770
4192357882
635848958
1979077842
3454426583
502944222
1903846640
3379195381
426664441
1970170365
2508092881
4252922072
3716053212
3716053469
3716053469
3716053469
3716053469
3716053469
3716053469
3716053469
3716053469
3716053469
3716053469
3716053469
3716053469
3716053469
3716053469
3716053469
3716053469
3716053469
3716053469
3716053469
3716053469
3716053469
3716053469
3716053469
3716053469
3716053469
3716053469
3716053469
3716053469
3716053469
3716053469
3716053469
3716053469
3716053469
3716053469
3716053469
3716053469
3716053469
3716053469
3716053469
3716053469
3716053469
3716053469
3716053469
3716053469
3716053469
3716053469
3716053469
3716053469
3716053469
3716053469
3716053469
3716053469
3716053469
3716053469
3716053469
3716053469
3716053469
3716053469
3716053469
3716053469
3716053469
3716053469
3716053469
3716053469
3716053469
3716053469
3716053469
3716053469
3716053469
3716053469
3716053469
3716053469
3716053469
3716053469
3716053469
3716053469
3716053469
3716053469
3716053469
3716053469
3716053469
3716053469
3716053469
3716053469
3716053469
3716053469
3716053469
3716053469
3716053469
3716053469
3716053469
3716053469
3716053469
3716053469
3716053469
3716053469
3716053469
3716053469
3716053469
3716053469
3716053469
3716053212
4251873496
2910747857
1164863997
3648676344
2843372785
2976539888
501895643
1844862418
1442206931
635848955
3387051511
1911702770
568473756
3429838997
1417622929
409938105
2289770677
1887118512
486217886
3437695127
1962349970
417794491
2834497718
1089668301
1063514569
2944203972
1199368640
4219003112
2474175713
58251727
3488927946
1475665091
670353902
1408287202
1945159139
602978700
2927472773
1986901376
443394476
2860101029
41526432
4277506443
2531630470
652577199
4209082794
1391561894
583104861
4245584473
1963884113
3843713917
3105514360
1359638385
554329694
3180747354
1435917910
3851572862
3380757371
1367494515
562186013
1275215645
1813983765
68106000
3624613436
1746608696
807087665
3759613471
2357662491
1418138135
75962131
4169337662
1217593915
814944054
545457970
2669476684
2401039177
1460469573
655161153
3675843437
2869486441
1796792933
51963745
3751077472
3481590350
2944717643
2005196615
126146371
663017283
3414215534
2340473451
1804649322
1937821542
58773094
3726493282
4262312717
2384312841
2383262473
1444786693
1980612357
102612484
101563905
3659118125
3658069549
3389631277
2315889193
2315889193
2852758313
2852758313
2852760105
1780065064
1377411621
1377411624
2316939052
1376363045
1377411624
1913233957
1377411621
1376363048
1376363048
1377411877
1377411624
1377411624
1376363304
1377411880
2315887401
2852760105
3122247212
2316938028
3122244397
3658069549
437106432
639483396
101563905
907918852
1443738117
1847440136
2384312841
2384313100
3726490466
595642210
59821667
1400947303
1804649066
2341522286
3682653807
663017283
1199889990
1469370954
2408895307
3750026063
587786080
1929965412
1394140005
2333665900
3675846253
656209729
1461515077
2401040969
3742107213
814943798
1754464826
2291337790
3834844946
345448215
2894533402
3699844638
1781297
1343955509
3088788284
69154576
1410285076
2350854936
469908253
294801267
2307017338
3851572863
1971740243
2374390359
3717621342
18507632
2836030325
3642387324
85882704
2903405141
3709762396
1927382435
2867953831
451250606
1995807875
3471151242
518625422
1383705761
3395920293
645772460
2926427268
4268603529
66110605
2482031846
4226861290
1206179010
2415189447
1072222667
1937303008
3949522405
461170921
2540500417
3480023237
527694028
2968716723
3371371959
83298751
2901875863
4244050330
1081812144
2826644661
409936313
1953445008
2894019733
476197017
1105345010
2314358006
635847163
1172720127
2918602198
4260778203
1097488863
2305453300
4185550328
1701734908
2909697233
3446570453
3716053212
3716053469
3716053469
3716053469
3716053469
3716053469
3716053469
3716053469
3716053469
3716053469
3716053469
3716053469
3716053469
3716053469
3716053469
3716053469
3716053469
3716053469
3716053469
3716053469
3716053469
3716053469
3716053469
3716053469
3716053469
3716053469
3716053469
3716053469
3716053469
3716053469
3716053469
3716053469
3716053469
3716053469
3716053469
3716053469
3716053469
3716053469
3716053469
3716053469
3716053469
3716053469
3716053469
3716053469
3716053469
3716053469
3716053469
3716053469
3716053469
3716053469
3716053469
3716053469
3716053469
3716053469
3716053469
3716053469
3716053469
3716053469
3716053469
3716053469
3716053469
3716053469
3716053469
3716053469
3716053469
3716053469
3716053469
3716053469
3716053469
3716053469
3716053469
3716053469
3716053469
3716053469
3716053469
3716053469
3716053469
3716053469
3716053469
3716053469
3716053469
3716053469
3716053469
3716053469
3716053469
3716053469
3716053469
3716053469
3716053469
3716053469
3716053469
3716053469
3716053469
3716053469
3716053469
3716053469
3716053469
3716053469
3716053469
3716053469
3716053469
3716053469
3716053468
3716051417
2910747860
1971218896
426664441
3916066292
1903846640
561664475
4260781527
3051771090
636897534
4193403130
2447525107
31603100
3429842328
3027188881
612313533
4168818872
2422941105
543889822
3438743706
3035043219
620169662
4176675002
2967668146
527694028
3481071816
2004678080
661448937
3949522405
1131996640
3757363659
2952060359
1206179010
4226859499
2884685030
602978701
4268601736
1451080833
644721069
3395920040
1383705761
3799357838
2398457991
1994757507
3673262251
1794215334
49382818
4245584473
1830715220
85882493
3641338489
1763336820
17459056
3716569694
1838568023
899045202
3649194875
1771192951
831671923
3693034268
1277113109
337592081
3826988605
2282433080
270217012
3222742576
3164019227
1821840154
881268499
3632466751
3095595582
1351811639
545459763
3742107213
2936861513
1460466244
118292033
3674797677
2333665897
1394139749
857272161
3751077472
4286896718
2944717642
2005196615
127196739
663017283
4219521902
2340473451
1401995882
1132515174
595644003
595642210
4262315532
2384313100
2384312841
1981657605
1980612356
102612484
3860444928
638433025
4195989037
4194937645
3122244396
3122244140
2316937772
2852760105
2852760105
1377411880
1780065064
1377411880
1377411624
1914282533
1377411880
1914282533
1376363045
1377411624
1914282536
1377411621
1377411624
1377411624
1377411880
2852758313
2450105129
2852760108
2853808681
2316937772
2316938028
4195986220
4194940461
3659118080
102612481
102612484
1980612356
1444786696
2517479944
2384312844
4262312717
503367266
58773091
1937818215
1401995882
2341522027
4219521902
3683702338
664067651
1468325703
2944717642
2408897102
529065568
51963745
1929965413
2332615529
3674794861
655162944
1997340488
2936861513
4279040845
8587059
1351814967
2291337787
3834844690
882318867
2491879962
4236712478
730672
1342910260
3087737656
3826985788
1410285332
2349806104
3691985692
831671922
2843886202
4186063739
92690258
1838568023
3180747355
18507632
1360686964
3105514361
85882448
1830715220
4245584473
49382818
1794215335
3673262251
922064258
2398457991
3740637323
1919526305
2323226789
644721068
1987949953
4268601480
601930124
2480983267
4225810922
1206179055
2952060358
3757365451
1130947791
2876829156
996991465
1199371456
2944204228
526645449
1089668274
2834501047
619120830
1962349970
